
# type width height cin cout kernel stride group

# iteratve both input and output channel
4 112 112  32  32 3 1 32  # block1 conv1
4 112 112  32  64 1 1 1   # block1 conv2
  
4 112 112  64  64 3 2 64  # block2 conv1
4  56  56  64 128 1 1 1   # block2 conv2
  
4  56  56 128 128 3 1 128 # block3
4  56  56 128 128 1 1 1 
  
4  56  56 128 128 3 2 128 # block4
4  28  28 128 256 1 1 1
  
4  28  28 256 256 3 1 256 # block5
4  28  28 256 256 1 1 1
  
4  28  28 256 256 3 2 256 # block6
4  14  14 256 512 1 1 1
  
4  14  14 512 512 3 1 512 # block7
4  14  14 512 512 1 1 1
  
4  14  14 512 512 3 1 512
4  14  14 512 512 1 1 1
  
4  14  14 512 512 3 1 512
4  14  14 512 512 1 1 1
  
4  14  14 512 512 3 1 512
4  14  14 512 512 1 1 1
  
4  14  14 512 512 3 1 512
4  14  14 512 512 1 1 1
  
4  14  14 512 512 3 2 512 #block8
4   7   7 512 1024 1 1 1
  
4   7   7 1024 1024 3 1 1024 #block9
4   7   7 1024 1024 1 1 1
