Failing to import plugin, ModuleNotFoundError("No module named 'plugin'")
loading third party model failed cannot import name 'model_zoo' from 'third_party' (unknown location)
Can not import DALI. Please install DALI from https://www.github.com/NVIDIA/DALI to run this example.
torch.Size([1, 3, 224, 224]) torch.Size([32, 3, 3, 3]) (3, 3) (2, 2) (1, 1) (1, 1) 1
torch.Size([1, 32, 112, 112]) torch.Size([32, 1, 3, 3]) (3, 3) (1, 1) (1, 1) (1, 1) 32
torch.Size([1, 32, 112, 112]) torch.Size([16, 32, 1, 1]) (1, 1) (1, 1) (0, 0) (1, 1) 1
torch.Size([1, 16, 112, 112]) torch.Size([96, 16, 1, 1]) (1, 1) (1, 1) (0, 0) (1, 1) 1
torch.Size([1, 96, 112, 112]) torch.Size([96, 1, 3, 3]) (3, 3) (2, 2) (1, 1) (1, 1) 96
torch.Size([1, 96, 56, 56]) torch.Size([24, 96, 1, 1]) (1, 1) (1, 1) (0, 0) (1, 1) 1
torch.Size([1, 24, 56, 56]) torch.Size([144, 24, 1, 1]) (1, 1) (1, 1) (0, 0) (1, 1) 1
torch.Size([1, 144, 56, 56]) torch.Size([144, 1, 3, 3]) (3, 3) (1, 1) (1, 1) (1, 1) 144
torch.Size([1, 144, 56, 56]) torch.Size([24, 144, 1, 1]) (1, 1) (1, 1) (0, 0) (1, 1) 1
torch.Size([1, 24, 56, 56]) torch.Size([144, 24, 1, 1]) (1, 1) (1, 1) (0, 0) (1, 1) 1
torch.Size([1, 144, 56, 56]) torch.Size([144, 1, 3, 3]) (3, 3) (2, 2) (1, 1) (1, 1) 144
torch.Size([1, 144, 28, 28]) torch.Size([32, 144, 1, 1]) (1, 1) (1, 1) (0, 0) (1, 1) 1
torch.Size([1, 32, 28, 28]) torch.Size([192, 32, 1, 1]) (1, 1) (1, 1) (0, 0) (1, 1) 1
torch.Size([1, 192, 28, 28]) torch.Size([192, 1, 3, 3]) (3, 3) (1, 1) (1, 1) (1, 1) 192
torch.Size([1, 192, 28, 28]) torch.Size([32, 192, 1, 1]) (1, 1) (1, 1) (0, 0) (1, 1) 1
torch.Size([1, 32, 28, 28]) torch.Size([192, 32, 1, 1]) (1, 1) (1, 1) (0, 0) (1, 1) 1
torch.Size([1, 192, 28, 28]) torch.Size([192, 1, 3, 3]) (3, 3) (1, 1) (1, 1) (1, 1) 192
torch.Size([1, 192, 28, 28]) torch.Size([32, 192, 1, 1]) (1, 1) (1, 1) (0, 0) (1, 1) 1
torch.Size([1, 32, 28, 28]) torch.Size([192, 32, 1, 1]) (1, 1) (1, 1) (0, 0) (1, 1) 1
torch.Size([1, 192, 28, 28]) torch.Size([192, 1, 3, 3]) (3, 3) (2, 2) (1, 1) (1, 1) 192
torch.Size([1, 192, 14, 14]) torch.Size([64, 192, 1, 1]) (1, 1) (1, 1) (0, 0) (1, 1) 1
torch.Size([1, 64, 14, 14]) torch.Size([384, 64, 1, 1]) (1, 1) (1, 1) (0, 0) (1, 1) 1
torch.Size([1, 384, 14, 14]) torch.Size([384, 1, 3, 3]) (3, 3) (1, 1) (1, 1) (1, 1) 384
torch.Size([1, 384, 14, 14]) torch.Size([64, 384, 1, 1]) (1, 1) (1, 1) (0, 0) (1, 1) 1
torch.Size([1, 64, 14, 14]) torch.Size([384, 64, 1, 1]) (1, 1) (1, 1) (0, 0) (1, 1) 1
torch.Size([1, 384, 14, 14]) torch.Size([384, 1, 3, 3]) (3, 3) (1, 1) (1, 1) (1, 1) 384
torch.Size([1, 384, 14, 14]) torch.Size([64, 384, 1, 1]) (1, 1) (1, 1) (0, 0) (1, 1) 1
torch.Size([1, 64, 14, 14]) torch.Size([384, 64, 1, 1]) (1, 1) (1, 1) (0, 0) (1, 1) 1
torch.Size([1, 384, 14, 14]) torch.Size([384, 1, 3, 3]) (3, 3) (1, 1) (1, 1) (1, 1) 384
torch.Size([1, 384, 14, 14]) torch.Size([64, 384, 1, 1]) (1, 1) (1, 1) (0, 0) (1, 1) 1
torch.Size([1, 64, 14, 14]) torch.Size([384, 64, 1, 1]) (1, 1) (1, 1) (0, 0) (1, 1) 1
torch.Size([1, 384, 14, 14]) torch.Size([384, 1, 3, 3]) (3, 3) (1, 1) (1, 1) (1, 1) 384
torch.Size([1, 384, 14, 14]) torch.Size([96, 384, 1, 1]) (1, 1) (1, 1) (0, 0) (1, 1) 1
torch.Size([1, 96, 14, 14]) torch.Size([576, 96, 1, 1]) (1, 1) (1, 1) (0, 0) (1, 1) 1
torch.Size([1, 576, 14, 14]) torch.Size([576, 1, 3, 3]) (3, 3) (1, 1) (1, 1) (1, 1) 576
torch.Size([1, 576, 14, 14]) torch.Size([96, 576, 1, 1]) (1, 1) (1, 1) (0, 0) (1, 1) 1
torch.Size([1, 96, 14, 14]) torch.Size([576, 96, 1, 1]) (1, 1) (1, 1) (0, 0) (1, 1) 1
torch.Size([1, 576, 14, 14]) torch.Size([576, 1, 3, 3]) (3, 3) (1, 1) (1, 1) (1, 1) 576
torch.Size([1, 576, 14, 14]) torch.Size([96, 576, 1, 1]) (1, 1) (1, 1) (0, 0) (1, 1) 1
torch.Size([1, 96, 14, 14]) torch.Size([576, 96, 1, 1]) (1, 1) (1, 1) (0, 0) (1, 1) 1
torch.Size([1, 576, 14, 14]) torch.Size([576, 1, 3, 3]) (3, 3) (2, 2) (1, 1) (1, 1) 576
torch.Size([1, 576, 7, 7]) torch.Size([160, 576, 1, 1]) (1, 1) (1, 1) (0, 0) (1, 1) 1
torch.Size([1, 160, 7, 7]) torch.Size([960, 160, 1, 1]) (1, 1) (1, 1) (0, 0) (1, 1) 1
torch.Size([1, 960, 7, 7]) torch.Size([960, 1, 3, 3]) (3, 3) (1, 1) (1, 1) (1, 1) 960
torch.Size([1, 960, 7, 7]) torch.Size([160, 960, 1, 1]) (1, 1) (1, 1) (0, 0) (1, 1) 1
torch.Size([1, 160, 7, 7]) torch.Size([960, 160, 1, 1]) (1, 1) (1, 1) (0, 0) (1, 1) 1
torch.Size([1, 960, 7, 7]) torch.Size([960, 1, 3, 3]) (3, 3) (1, 1) (1, 1) (1, 1) 960
torch.Size([1, 960, 7, 7]) torch.Size([160, 960, 1, 1]) (1, 1) (1, 1) (0, 0) (1, 1) 1
torch.Size([1, 160, 7, 7]) torch.Size([960, 160, 1, 1]) (1, 1) (1, 1) (0, 0) (1, 1) 1
torch.Size([1, 960, 7, 7]) torch.Size([960, 1, 3, 3]) (3, 3) (1, 1) (1, 1) (1, 1) 960
torch.Size([1, 960, 7, 7]) torch.Size([320, 960, 1, 1]) (1, 1) (1, 1) (0, 0) (1, 1) 1
torch.Size([1, 320, 7, 7]) torch.Size([1280, 320, 1, 1]) (1, 1) (1, 1) (0, 0) (1, 1) 1
